datafile:     ./corrdata/a09m0074b1.dat
NT:           192
NX:           64
m_l:          0.0031
m_s:          0.0158
m_c:          0.188
Text:         [40,52,53,64,65]
ncon:         645
pi2twist:     2.3644
k2twist:      2.23782
pi0:          0.14094
pi0_err:      0.00012
