datafile:     ./corrdata/a12m00507b1.dat
NT:           64
NX:           32
m_l:          0.0053
m_s:          0.053
m_c:          0.65
Text:         [15,18,20,21,22]
ncon:         992
pi2twist:     3.38617
k2twist:      3.18262
pi0:          0.13413
pi0_err:      0.000066
