datafile:     ./corrdata/a12m00507_large_b1.dat
NT:           64
NX:           40
m_l:          0.0053
m_s:          0.053
m_c:          0.65
Text:         [15,18,20,21,22]
ncon:         1018
pi2twist:     4.23272
k2twist:      3.97827
pi0:          0.13413
pi0_err:      0.000066
